
 
 
 q: 0, qvec: 0.000000000000000 0.000000000000000 -5.496779475668742
0.000006641928343+0.000000000000000i -0.000000512295552+0.000000000309787i 0.000000223980736+0.000000000507842i 0.000000416558560+0.000000000743998i -0.000002918381834+0.000000000512026i 0.000000023876139+-0.000000000342576i 
-0.000000512295552+-0.000000000309787i 0.000037881394674+0.000000000000000i -0.000001847084375+-0.000000000478388i 0.000000544825050+-0.000000001379052i 0.000002072249023+0.000000001348798i -0.000002628087764+-0.000000002844834i 
0.000000223980736+-0.000000000507842i -0.000001847084375+0.000000000478388i 0.000025832513636+0.000000000000000i 0.000002141824730+0.000000002529247i -0.000001523155341+-0.000000001346606i -0.000017106913357+0.000000001433854i 
0.000000416558560+-0.000000000743998i 0.000000544825050+0.000000001379052i 0.000002141824730+-0.000000002529247i 0.000027175398305+-0.000000000000000i -0.000014835555318+0.000000000309787i 0.000001386784246+-0.000000000101815i 
-0.000002918381834+-0.000000000512026i 0.000002072249023+-0.000000001348798i -0.000001523155341+0.000000001346606i -0.000014835555318+-0.000000000309787i 0.000017347924712+-0.000000000000000i -0.000001240450529+0.000000000690212i 
0.000000023876139+0.000000000342576i -0.000002628087764+0.000000002844834i -0.000017106913357+-0.000000001433854i 0.000001386784246+0.000000000101815i -0.000001240450529+-0.000000000690212i 0.000025832513636+0.000000000000000i 

 
 
 q: 1, qvec: 0.000000000000000 0.000000000000000 -5.496458945056129
0.000006641926667+-0.000000000000000i -0.000000512294795+0.000000000619574i 0.000000223980083+0.000000001015684i 0.000000416558404+0.000000001487995i -0.000002918379890+0.000000001024050i 0.000000023876467+-0.000000000685151i 
-0.000000512294795+-0.000000000619574i 0.000037881380677+-0.000000000000000i -0.000001847078343+-0.000000000956781i 0.000000544823606+-0.000000002758102i 0.000002072248518+0.000000002697594i -0.000002628085607+-0.000000005689668i 
0.000000223980083+-0.000000001015684i -0.000001847078343+0.000000000956781i 0.000025832520302+0.000000000000000i 0.000002141822773+0.000000005058494i -0.000001523154376+-0.000000002693212i -0.000017106886159+0.000000002867707i 
0.000000416558404+-0.000000001487995i 0.000000544823606+0.000000002758102i 0.000002141822773+-0.000000005058494i 0.000027175389052+0.000000000000000i -0.000014835549275+0.000000000619574i 0.000001386779672+-0.000000000203635i 
-0.000002918379890+-0.000000001024050i 0.000002072248518+-0.000000002697594i -0.000001523154376+0.000000002693212i -0.000014835549275+-0.000000000619574i 0.000017347918293+-0.000000000000000i -0.000001240446542+0.000000001380427i 
0.000000023876467+0.000000000685151i -0.000002628085607+0.000000005689668i -0.000017106886159+-0.000000002867707i 0.000001386779672+0.000000000203635i -0.000001240446542+-0.000000001380427i 0.000025832520302+-0.000000000000000i 

 
 
 q: 2, qvec: 0.000000000000000 0.000000000000000 -5.496138414443520
0.000006641923874+0.000000000000000i -0.000000512293532+0.000000000929360i 0.000000223978994+0.000000001523526i 0.000000416558142+0.000000002231990i -0.000002918376650+0.000000001536073i 0.000000023877013+-0.000000001027726i 
-0.000000512293532+-0.000000000929360i 0.000037881357349+0.000000000000000i -0.000001847068289+-0.000000001435184i 0.000000544821198+-0.000000004137148i 0.000002072247676+0.000000004046388i -0.000002628082012+-0.000000008534500i 
0.000000223978994+-0.000000001523526i -0.000001847068289+0.000000001435184i 0.000025832531413+-0.000000000000000i 0.000002141819512+0.000000007587739i -0.000001523152767+-0.000000004039817i -0.000017106840830+0.000000004301559i 
0.000000416558142+-0.000000002231990i 0.000000544821198+0.000000004137148i 0.000002141819512+-0.000000007587739i 0.000027175373630+0.000000000000000i -0.000014835539203+0.000000000929360i 0.000001386772049+-0.000000000305464i 
-0.000002918376650+-0.000000001536073i 0.000002072247676+-0.000000004046388i -0.000001523152767+0.000000004039817i -0.000014835539203+-0.000000000929360i 0.000017347907593+0.000000000000000i -0.000001240439897+0.000000002070647i 
0.000000023877013+0.000000001027726i -0.000002628082012+0.000000008534500i -0.000017106840830+-0.000000004301559i 0.000001386772049+0.000000000305464i -0.000001240439897+-0.000000002070647i 0.000025832531413+0.000000000000000i 

 
 
 q: 3, qvec: 0.000000000000000 0.000000000000000 -5.495817883830908
0.000006641919964+0.000000000000000i -0.000000512291764+0.000000001239143i 0.000000223977470+0.000000002031367i 0.000000416557776+0.000000002975984i -0.000002918372115+0.000000002048092i 0.000000023877778+-0.000000001370301i 
-0.000000512291764+-0.000000001239143i 0.000037881324690+0.000000000000000i -0.000001847054213+-0.000000001913603i 0.000000544817829+-0.000000005516187i 0.000002072246497+0.000000005395177i -0.000002628076980+-0.000000011379330i 
0.000000223977470+-0.000000002031367i -0.000001847054213+0.000000001913603i 0.000025832546968+0.000000000000000i 0.000002141814947+0.000000010116983i -0.000001523150516+-0.000000005386421i -0.000017106777368+0.000000005735409i 
0.000000416557776+-0.000000002975984i 0.000000544817829+0.000000005516187i 0.000002141814947+-0.000000010116983i 0.000027175352040+-0.000000000000000i -0.000014835525102+0.000000001239143i 0.000001386761376+-0.000000000407306i 
-0.000002918372115+-0.000000002048092i 0.000002072246497+-0.000000005395177i -0.000001523150516+0.000000005386421i -0.000014835525102+-0.000000001239143i 0.000017347892614+0.000000000000000i -0.000001240430594+0.000000002760875i 
0.000000023877778+0.000000001370301i -0.000002628076980+0.000000011379330i -0.000017106777368+-0.000000005735409i 0.000001386761376+0.000000000407306i -0.000001240430594+-0.000000002760875i 0.000025832546968+0.000000000000000i 

 
 
 q: 4, qvec: 0.000000000000000 0.000000000000000 -5.495497353218296
0.000006641914937+0.000000000000000i -0.000000512289491+0.000000001548925i 0.000000223975510+0.000000002539206i 0.000000416557306+0.000000003719974i -0.000002918366284+0.000000002560108i 0.000000023878762+-0.000000001712875i 
-0.000000512289491+-0.000000001548925i 0.000037881282699+0.000000000000000i -0.000001847036115+-0.000000002392043i 0.000000544813496+-0.000000006895217i 0.000002072244982+0.000000006743959i -0.000002628070509+-0.000000014224158i 
0.000000223975510+-0.000000002539206i -0.000001847036115+0.000000002392043i 0.000025832566967+0.000000000000000i 0.000002141809077+0.000000012646224i -0.000001523147620+-0.000000006733025i -0.000017106695775+0.000000007169256i 
0.000000416557306+-0.000000003719974i 0.000000544813496+0.000000006895217i 0.000002141809077+-0.000000012646224i 0.000027175324281+0.000000000000000i -0.000014835506973+0.000000001548925i 0.000001386747654+-0.000000000509165i 
-0.000002918366284+-0.000000002560108i 0.000002072244982+-0.000000006743959i -0.000001523147620+0.000000006733025i -0.000014835506973+-0.000000001548925i 0.000017347873355+-0.000000000000000i -0.000001240418633+0.000000003451114i 
0.000000023878762+0.000000001712875i -0.000002628070509+0.000000014224158i -0.000017106695775+-0.000000007169256i 0.000001386747654+0.000000000509165i -0.000001240418633+-0.000000003451114i 0.000025832566967+-0.000000000000000i 

 
 
 q: 5, qvec: 0.000000000000000 0.000000000000000 -5.495176822605686
0.000006641908792+0.000000000000000i -0.000000512286713+0.000000001858704i 0.000000223973115+0.000000003047044i 0.000000416556731+0.000000004463961i -0.000002918359157+0.000000003072118i 0.000000023879964+-0.000000002055448i 
-0.000000512286713+-0.000000001858704i 0.000037881231378+0.000000000000000i -0.000001847013996+-0.000000002870509i 0.000000544808200+-0.000000008274237i 0.000002072243130+0.000000008092734i -0.000002628062601+-0.000000017068982i 
0.000000223973115+-0.000000003047044i -0.000001847013996+0.000000002870509i 0.000025832591411+0.000000000000000i 0.000002141801903+0.000000015175461i -0.000001523144082+-0.000000008079627i -0.000017106596050+0.000000008603100i 
0.000000416556731+-0.000000004463961i 0.000000544808200+0.000000008274237i 0.000002141801903+-0.000000015175461i 0.000027175290354+-0.000000000000000i -0.000014835484815+0.000000001858704i 0.000001386730883+-0.000000000611047i 
-0.000002918359157+-0.000000003072118i 0.000002072243130+-0.000000008092734i -0.000001523144082+0.000000008079627i -0.000014835484815+-0.000000001858704i 0.000017347849816+0.000000000000000i -0.000001240404014+0.000000004141367i 
0.000000023879964+0.000000002055448i -0.000002628062601+0.000000017068982i -0.000017106596050+-0.000000008603100i 0.000001386730883+0.000000000611047i -0.000001240404014+-0.000000004141367i 0.000025832591411+-0.000000000000000i 

 
 
 q: 6, qvec: 0.000000000000000 0.000000000000000 -5.494856291993075
0.000006641901531+-0.000000000000000i -0.000000512283430+0.000000002168479i 0.000000223970284+0.000000003554880i 0.000000416556052+0.000000005207943i -0.000002918350735+0.000000003584122i 0.000000023881385+-0.000000002398020i 
-0.000000512283430+-0.000000002168479i 0.000037881170726+0.000000000000000i -0.000001846987856+-0.000000003349005i 0.000000544801941+-0.000000009653244i 0.000002072240941+0.000000009441500i -0.000002628053255+-0.000000019913801i 
0.000000223970284+-0.000000003554880i -0.000001846987856+0.000000003349005i 0.000025832620299+0.000000000000000i 0.000002141793425+0.000000017704695i -0.000001523139900+-0.000000009426228i -0.000017106478195+0.000000010036940i 
0.000000416556052+-0.000000005207943i 0.000000544801941+0.000000009653244i 0.000002141793425+-0.000000017704695i 0.000027175250259+0.000000000000000i -0.000014835458628+0.000000002168479i 0.000001386711063+-0.000000000712955i 
-0.000002918350735+-0.000000003584122i 0.000002072240941+-0.000000009441500i -0.000001523139900+0.000000009426228i -0.000014835458628+-0.000000002168479i 0.000017347821998+-0.000000000000000i -0.000001240386736+0.000000004831636i 
0.000000023881385+0.000000002398020i -0.000002628053255+0.000000019913801i -0.000017106478195+-0.000000010036940i 0.000001386711063+0.000000000712955i -0.000001240386736+-0.000000004831636i 0.000025832620299+-0.000000000000000i 

 
 
 q: 7, qvec: 0.000000000000000 0.000000000000000 -5.494535761380464
0.000006641893152+-0.000000000000000i -0.000000512279642+0.000000002478251i 0.000000223967018+0.000000004062714i 0.000000416555268+0.000000005951920i -0.000002918341016+0.000000004096119i 0.000000023883024+-0.000000002740591i 
-0.000000512279642+-0.000000002478251i 0.000037881100743+-0.000000000000000i -0.000001846957693+-0.000000003827538i 0.000000544794718+-0.000000011032235i 0.000002072238416+0.000000010790254i -0.000002628042471+-0.000000022758617i 
0.000000223967018+-0.000000004062714i -0.000001846957693+0.000000003827538i 0.000025832653632+0.000000000000000i 0.000002141783643+0.000000020233924i -0.000001523135075+-0.000000010772827i -0.000017106342209+0.000000011470776i 
0.000000416555268+-0.000000005951920i 0.000000544794718+0.000000011032235i 0.000002141783643+-0.000000020233924i 0.000027175203995+-0.000000000000000i -0.000014835428413+0.000000002478251i 0.000001386688193+-0.000000000814894i 
-0.000002918341016+-0.000000004096119i 0.000002072238416+-0.000000010790254i -0.000001523135075+0.000000010772827i -0.000014835428413+-0.000000002478251i 0.000017347789900+0.000000000000000i -0.000001240366801+0.000000005521924i 
0.000000023883024+0.000000002740591i -0.000002628042471+0.000000022758617i -0.000017106342209+-0.000000011470776i 0.000001386688193+0.000000000814894i -0.000001240366801+-0.000000005521924i 0.000025832653632+0.000000000000000i 

 
 
 q: 8, qvec: 0.000000000000000 0.000000000000000 -5.494215230767852
0.000006641883657+0.000000000000000i -0.000000512275348+0.000000002788017i 0.000000223963317+0.000000004570546i 0.000000416554380+0.000000006695891i -0.000002918330002+0.000000004608108i 0.000000023884882+-0.000000003083160i 
-0.000000512275348+-0.000000002788017i 0.000037881021429+0.000000000000000i -0.000001846923510+-0.000000004306112i 0.000000544786533+-0.000000012411209i 0.000002072235554+0.000000012138997i -0.000002628030250+-0.000000025603426i 
0.000000223963317+-0.000000004570546i -0.000001846923510+0.000000004306112i 0.000025832691410+0.000000000000000i 0.000002141772556+0.000000022763147i -0.000001523129607+-0.000000012119424i -0.000017106188093+0.000000012904605i 
0.000000416554380+-0.000000006695891i 0.000000544786533+0.000000012411209i 0.000002141772556+-0.000000022763147i 0.000027175151563+-0.000000000000000i -0.000014835394169+0.000000002788017i 0.000001386662274+-0.000000000916868i 
-0.000002918330002+-0.000000004608108i 0.000002072235554+-0.000000012138997i -0.000001523129607+0.000000012119424i -0.000014835394169+-0.000000002788017i 0.000017347753522+-0.000000000000000i -0.000001240344209+0.000000006212233i 
0.000000023884882+0.000000003083160i -0.000002628030250+0.000000025603426i -0.000017106188093+-0.000000012904605i 0.000001386662274+0.000000000916868i -0.000001240344209+-0.000000006212233i 0.000025832691410+0.000000000000000i 

 
 
 q: 9, qvec: 0.000000000000000 0.000000000000000 -5.493894700155241
0.000006641873045+0.000000000000000i -0.000000512270550+0.000000003097779i 0.000000223959180+0.000000005078376i 0.000000416553387+0.000000007439856i -0.000002918317691+0.000000005120088i 0.000000023886959+-0.000000003425728i 
-0.000000512270550+-0.000000003097779i 0.000037880932785+-0.000000000000000i -0.000001846885305+-0.000000004784732i 0.000000544777384+-0.000000013790164i 0.000002072232357+0.000000013487726i -0.000002628016590+-0.000000028448230i 
0.000000223959180+-0.000000005078376i -0.000001846885305+0.000000004784732i 0.000025832733633+0.000000000000000i 0.000002141760165+0.000000025292365i -0.000001523123495+-0.000000013466019i -0.000017106015846+0.000000014338429i 
0.000000416553387+-0.000000007439856i 0.000000544777384+0.000000013790164i 0.000002141760165+-0.000000025292365i 0.000027175092964+-0.000000000000000i -0.000014835355897+0.000000003097779i 0.000001386633306+-0.000000001018881i 
-0.000002918317691+-0.000000005120088i 0.000002072232357+-0.000000013487726i -0.000001523123495+0.000000013466019i -0.000014835355897+-0.000000003097779i 0.000017347712866+-0.000000000000000i -0.000001240318958+0.000000006902568i 
0.000000023886959+0.000000003425728i -0.000002628016590+0.000000028448230i -0.000017106015846+-0.000000014338429i 0.000001386633306+0.000000001018881i -0.000001240318958+-0.000000006902568i 0.000025832733633+-0.000000000000000i 

 
 
 q: 10, qvec: 0.000000000000000 0.000000000000000 -5.493574169542630
0.000006641861315+0.000000000000000i -0.000000512265247+0.000000003407535i 0.000000223954608+0.000000005586202i 0.000000416552290+0.000000008183812i -0.000002918304085+0.000000005632057i 0.000000023889254+-0.000000003768294i 
-0.000000512265247+-0.000000003407535i 0.000037880834811+-0.000000000000000i -0.000001846843078+-0.000000005263404i 0.000000544767271+-0.000000015169097i 0.000002072228823+0.000000014836439i -0.000002628001493+-0.000000031293027i 
0.000000223954608+-0.000000005586202i -0.000001846843078+0.000000005263404i 0.000025832780300+0.000000000000000i 0.000002141746470+0.000000027821576i -0.000001523116740+-0.000000014812612i -0.000017105825471+0.000000015772247i 
0.000000416552290+-0.000000008183812i 0.000000544767271+0.000000015169097i 0.000002141746470+-0.000000027821576i 0.000027175028196+0.000000000000000i -0.000014835313596+0.000000003407535i 0.000001386601289+-0.000000001120939i 
-0.000002918304085+-0.000000005632057i 0.000002072228823+-0.000000014836439i -0.000001523116740+0.000000014812612i -0.000014835313596+-0.000000003407535i 0.000017347667930+0.000000000000000i -0.000001240291049+0.000000007592929i 
0.000000023889254+0.000000003768294i -0.000002628001493+0.000000031293027i -0.000017105825471+-0.000000015772247i 0.000001386601289+0.000000001120939i -0.000001240291049+-0.000000007592929i 0.000025832780300+0.000000000000000i 

 
 
 q: 11, qvec: 0.000000000000000 0.000000000000000 -5.493253638930018
0.000006641848469+0.000000000000000i -0.000000512259438+0.000000003717285i 0.000000223949600+0.000000006094025i 0.000000416551089+0.000000008927761i -0.000002918289183+0.000000006144016i 0.000000023891767+-0.000000004110858i 
-0.000000512259438+-0.000000003717285i 0.000037880727507+0.000000000000000i -0.000001846796830+-0.000000005742133i 0.000000544756194+-0.000000016548006i 0.000002072224953+0.000000016185135i -0.000002627984959+-0.000000034137816i 
0.000000223949600+-0.000000006094025i -0.000001846796830+0.000000005742133i 0.000025832831413+0.000000000000000i 0.000002141731471+0.000000030350780i -0.000001523109342+-0.000000016159201i -0.000017105616967+0.000000017206056i 
0.000000416551089+-0.000000008927761i 0.000000544756194+0.000000016548006i 0.000002141731471+-0.000000030350780i 0.000027174957261+0.000000000000000i -0.000014835267267+0.000000003717285i 0.000001386566223+-0.000000001223045i 
-0.000002918289183+-0.000000006144016i 0.000002072224953+-0.000000016185135i -0.000001523109342+0.000000016159201i -0.000014835267267+-0.000000003717285i 0.000017347618715+-0.000000000000000i -0.000001240260483+0.000000008283320i 
0.000000023891767+0.000000004110858i -0.000002627984959+0.000000034137816i -0.000017105616967+-0.000000017206056i 0.000001386566223+0.000000001223045i -0.000001240260483+-0.000000008283320i 0.000025832831413+0.000000000000000i 

 
 
 q: 12, qvec: 0.000000000000000 0.000000000000000 -5.492933108317408
0.000006641834507+-0.000000000000000i -0.000000512253125+0.000000004027028i 0.000000223944157+0.000000006601844i 0.000000416549783+0.000000009671701i -0.000002918272985+0.000000006655962i 0.000000023894499+-0.000000004453420i 
-0.000000512253125+-0.000000004027028i 0.000037880610873+-0.000000000000000i -0.000001846746561+-0.000000006220924i 0.000000544744154+-0.000000017926890i 0.000002072220747+0.000000017533813i -0.000002627966987+-0.000000036982597i 
0.000000223944157+-0.000000006601844i -0.000001846746561+0.000000006220924i 0.000025832886971+0.000000000000000i 0.000002141715167+0.000000032879976i -0.000001523101301+-0.000000017505788i -0.000017105390334+0.000000018639858i 
0.000000416549783+-0.000000009671701i 0.000000544744154+0.000000017926890i 0.000002141715167+-0.000000032879976i 0.000027174880158+-0.000000000000000i -0.000014835216910+0.000000004027028i 0.000001386528107+-0.000000001325204i 
-0.000002918272985+-0.000000006655962i 0.000002072220747+-0.000000017533813i -0.000001523101301+0.000000017505788i -0.000014835216910+-0.000000004027028i 0.000017347565222+-0.000000000000000i -0.000001240227259+0.000000008973744i 
0.000000023894499+0.000000004453420i -0.000002627966987+0.000000036982597i -0.000017105390334+-0.000000018639858i 0.000001386528107+0.000000001325204i -0.000001240227259+-0.000000008973744i 0.000025832886971+-0.000000000000000i 

 
 
 q: 13, qvec: 0.000000000000000 0.000000000000000 -5.492612577704796
0.000006641819427+-0.000000000000000i -0.000000512246306+0.000000004336764i 0.000000223938279+0.000000007109660i 0.000000416548373+0.000000010415631i -0.000002918255491+0.000000007167894i 0.000000023897450+-0.000000004795980i 
-0.000000512246306+-0.000000004336764i 0.000037880484910+0.000000000000000i -0.000001846692271+-0.000000006699783i 0.000000544731149+-0.000000019305745i 0.000002072216206+0.000000018882470i -0.000002627947577+-0.000000039827370i 
0.000000223938279+-0.000000007109660i -0.000001846692271+0.000000006699783i 0.000025832946974+0.000000000000000i 0.000002141697560+0.000000035409164i -0.000001523092616+-0.000000018852372i -0.000017105145575+0.000000020073651i 
0.000000416548373+-0.000000010415631i 0.000000544731149+0.000000019305745i 0.000002141697560+-0.000000035409164i 0.000027174796888+0.000000000000000i -0.000014835162525+0.000000004336764i 0.000001386486943+-0.000000001427421i 
-0.000002918255491+-0.000000007167894i 0.000002072216206+-0.000000018882470i -0.000001523092616+0.000000018852372i -0.000014835162525+-0.000000004336764i 0.000017347507449+-0.000000000000000i -0.000001240191378+0.000000009664203i 
0.000000023897450+0.000000004795980i -0.000002627947577+0.000000039827370i -0.000017105145575+-0.000000020073651i 0.000001386486943+0.000000001427421i -0.000001240191378+-0.000000009664203i 0.000025832946974+0.000000000000000i 

 
 
 q: 14, qvec: 0.000000000000000 0.000000000000000 -5.492292047092185
0.000006641803231+-0.000000000000000i -0.000000512238983+0.000000004646492i 0.000000223931966+0.000000007617472i 0.000000416546859+0.000000011159551i -0.000002918236700+0.000000007679813i 0.000000023900619+-0.000000005138538i 
-0.000000512238983+-0.000000004646492i 0.000037880349618+-0.000000000000000i -0.000001846633959+-0.000000007178713i 0.000000544717180+-0.000000020684569i 0.000002072211329+0.000000020231106i -0.000002627926730+-0.000000042672132i 
0.000000223931966+-0.000000007617472i -0.000001846633959+0.000000007178713i 0.000025833011423+0.000000000000000i 0.000002141678648+0.000000037938342i -0.000001523083288+-0.000000020198952i -0.000017104882688+0.000000021507435i 
0.000000416546859+-0.000000011159551i 0.000000544717180+0.000000020684569i 0.000002141678648+-0.000000037938342i 0.000027174707451+0.000000000000000i -0.000014835104112+0.000000004646492i 0.000001386442730+-0.000000001529699i 
-0.000002918236700+-0.000000007679813i 0.000002072211329+-0.000000020231106i -0.000001523083288+0.000000020198952i -0.000014835104112+-0.000000004646492i 0.000017347445398+0.000000000000000i -0.000001240152838+0.000000010354700i 
0.000000023900619+0.000000005138538i -0.000002627926730+0.000000042672132i -0.000017104882688+-0.000000021507435i 0.000001386442730+0.000000001529699i -0.000001240152838+-0.000000010354700i 0.000025833011423+-0.000000000000000i 

 
 
 q: 15, qvec: 0.000000000000000 0.000000000000000 -5.491971516479574
0.000006641785919+-0.000000000000000i -0.000000512231155+0.000000004956211i 0.000000223925217+0.000000008125279i 0.000000416545241+0.000000011903460i -0.000002918216614+0.000000008191716i 0.000000023904007+-0.000000005481092i 
-0.000000512231155+-0.000000004956211i 0.000037880204997+-0.000000000000000i -0.000001846571627+-0.000000007657721i 0.000000544702246+-0.000000022063362i 0.000002072206116+0.000000021579719i -0.000002627904445+-0.000000045516885i 
0.000000223925217+-0.000000008125279i -0.000001846571627+0.000000007657721i 0.000025833080318+-0.000000000000000i 0.000002141658433+0.000000040467511i -0.000001523073317+-0.000000021545528i -0.000017104601676+0.000000022941209i 
0.000000416545241+-0.000000011903460i 0.000000544702246+0.000000022063362i 0.000002141658433+-0.000000040467511i 0.000027174611847+0.000000000000000i -0.000014835041671+0.000000004956211i 0.000001386395467+-0.000000001632043i 
-0.000002918216614+-0.000000008191716i 0.000002072206116+-0.000000021579719i -0.000001523073317+0.000000021545528i -0.000014835041671+-0.000000004956211i 0.000017347379069+0.000000000000000i -0.000001240111642+0.000000011045238i 
0.000000023904007+0.000000005481092i -0.000002627904445+0.000000045516885i -0.000017104601676+-0.000000022941209i 0.000001386395467+0.000000001632043i -0.000001240111642+-0.000000011045238i 0.000025833080318+-0.000000000000000i 

 
 
 q: 16, qvec: 0.000000000000000 0.000000000000000 -5.491650985866963
0.000006641767490+-0.000000000000000i -0.000000512222821+0.000000005265921i 0.000000223918033+0.000000008633082i 0.000000416543519+0.000000012647357i -0.000002918195231+0.000000008703603i 0.000000023907613+-0.000000005823644i 
-0.000000512222821+-0.000000005265921i 0.000037880051048+0.000000000000000i -0.000001846505274+-0.000000008136812i 0.000000544686348+-0.000000023442119i 0.000002072200569+0.000000022928308i -0.000002627880723+-0.000000048361627i 
0.000000223918033+-0.000000008633082i -0.000001846505274+0.000000008136812i 0.000025833153659+0.000000000000000i 0.000002141636914+0.000000042996669i -0.000001523062703+-0.000000022892101i -0.000017104302538+0.000000024374972i 
0.000000416543519+-0.000000012647357i 0.000000544686348+0.000000023442119i 0.000002141636914+-0.000000042996669i 0.000027174510077+-0.000000000000000i -0.000014834975202+0.000000005265921i 0.000001386345156+-0.000000001734457i 
-0.000002918195231+-0.000000008703603i 0.000002072200569+-0.000000022928308i -0.000001523062703+0.000000022892101i -0.000014834975202+-0.000000005265921i 0.000017347308462+-0.000000000000000i -0.000001240067788+0.000000011735820i 
0.000000023907613+0.000000005823644i -0.000002627880723+0.000000048361627i -0.000017104302538+-0.000000024374972i 0.000001386345156+0.000000001734457i -0.000001240067788+-0.000000011735820i 0.000025833153659+-0.000000000000000i 

 
 
 q: 17, qvec: 0.000000000000000 0.000000000000000 -5.491330455254352
0.000006641747945+0.000000000000000i -0.000000512213983+0.000000005575621i 0.000000223910414+0.000000009140879i 0.000000416541693+0.000000013391241i -0.000002918172553+0.000000009215472i 0.000000023911438+-0.000000006166193i 
-0.000000512213983+-0.000000005575621i 0.000037879887771+-0.000000000000000i -0.000001846434900+-0.000000008615990i 0.000000544669484+-0.000000024820840i 0.000002072194687+0.000000024276870i -0.000002627855564+-0.000000051206357i 
0.000000223910414+-0.000000009140879i -0.000001846434900+0.000000008615990i 0.000025833231446+0.000000000000000i 0.000002141614091+0.000000045525815i -0.000001523051446+-0.000000024238669i -0.000017103985277+0.000000025808724i 
0.000000416541693+-0.000000013391241i 0.000000544669484+0.000000024820840i 0.000002141614091+-0.000000045525815i 0.000027174402140+0.000000000000000i -0.000014834904705+0.000000005575621i 0.000001386291797+-0.000000001836947i 
-0.000002918172553+-0.000000009215472i 0.000002072194687+-0.000000024276870i -0.000001523051446+0.000000024238669i -0.000014834904705+-0.000000005575621i 0.000017347233576+0.000000000000000i -0.000001240021277+0.000000012426447i 
0.000000023911438+0.000000006166193i -0.000002627855564+0.000000051206357i -0.000017103985277+-0.000000025808724i 0.000001386291797+0.000000001836947i -0.000001240021277+-0.000000012426447i 0.000025833231446+-0.000000000000000i 

 
 
 q: 18, qvec: 0.000000000000000 0.000000000000000 -5.491009924641740
0.000006641727284+0.000000000000000i -0.000000512204640+0.000000005885312i 0.000000223902359+0.000000009648672i 0.000000416539763+0.000000014135112i -0.000002918148578+0.000000009727323i 0.000000023915481+-0.000000006508739i 
-0.000000512204640+-0.000000005885312i 0.000037879715166+0.000000000000000i -0.000001846360505+-0.000000009095262i 0.000000544651654+-0.000000026199522i 0.000002072188470+0.000000025625404i -0.000002627828968+-0.000000054051075i 
0.000000223902359+-0.000000009648672i -0.000001846360505+0.000000009095262i 0.000025833313680+0.000000000000000i 0.000002141589964+0.000000048054950i -0.000001523039546+-0.000000025585233i -0.000017103649892+0.000000027242464i 
0.000000416539763+-0.000000014135112i 0.000000544651654+0.000000026199522i 0.000002141589964+-0.000000048054950i 0.000027174288037+0.000000000000000i -0.000014834830181+0.000000005885312i 0.000001386235388+-0.000000001939515i 
-0.000002918148578+-0.000000009727323i 0.000002072188470+-0.000000025625404i -0.000001523039546+0.000000025585233i -0.000014834830181+-0.000000005885312i 0.000017347154413+-0.000000000000000i -0.000001239972108+0.000000013117124i 
0.000000023915481+0.000000006508739i -0.000002627828968+0.000000054051075i -0.000017103649892+-0.000000027242464i 0.000001386235388+0.000000001939515i -0.000001239972108+-0.000000013117124i 0.000025833313680+-0.000000000000000i 

 
 
 q: 19, qvec: 0.000000000000000 0.000000000000000 -5.490689394029130
0.000006641705507+0.000000000000000i -0.000000512194792+0.000000006194991i 0.000000223893870+0.000000010156459i 0.000000416537729+0.000000014878968i -0.000002918123307+0.000000010239155i 0.000000023919742+-0.000000006851282i 
-0.000000512194792+-0.000000006194991i 0.000037879533234+-0.000000000000000i -0.000001846282089+-0.000000009574631i 0.000000544632859+-0.000000027578163i 0.000002072181919+0.000000026973909i -0.000002627800934+-0.000000056895780i 
0.000000223893870+-0.000000010156459i -0.000001846282089+0.000000009574631i 0.000025833400361+0.000000000000000i 0.000002141564534+0.000000050584073i -0.000001523027003+-0.000000026931792i -0.000017103296385+0.000000028676191i 
0.000000416537729+-0.000000014878968i 0.000000544632859+0.000000027578163i 0.000002141564534+-0.000000050584073i 0.000027174167769+0.000000000000000i -0.000014834751630+0.000000006194991i 0.000001386175931+-0.000000002042168i 
-0.000002918123307+-0.000000010239155i 0.000002072181919+-0.000000026973909i -0.000001523027003+0.000000026931792i -0.000014834751630+-0.000000006194991i 0.000017347070972+0.000000000000000i -0.000001239920282+0.000000013807852i 
0.000000023919742+0.000000006851282i -0.000002627800934+0.000000056895780i -0.000017103296385+-0.000000028676191i 0.000001386175931+0.000000002042168i -0.000001239920282+-0.000000013807852i 0.000025833400361+0.000000000000000i 

 
 
 q: 20, qvec: 0.000000000000000 0.000000000000000 -5.490368863416519
0.000006641682614+-0.000000000000000i -0.000000512184439+0.000000006504659i 0.000000223884945+0.000000010664240i 0.000000416535592+0.000000015622810i -0.000002918096739+0.000000010750966i 0.000000023924222+-0.000000007193821i 
-0.000000512184439+-0.000000006504659i 0.000037879341976+-0.000000000000000i -0.000001846199653+-0.000000010054104i 0.000000544613098+-0.000000028956760i 0.000002072175033+0.000000028322384i -0.000002627771464+-0.000000059740472i 
0.000000223884945+-0.000000010664240i -0.000001846199653+0.000000010054104i 0.000025833491489+0.000000000000000i 0.000002141537800+0.000000053113182i -0.000001523013817+-0.000000028278347i -0.000017102924756+0.000000030109904i 
0.000000416535592+-0.000000015622810i 0.000000544613098+0.000000028956760i 0.000002141537800+-0.000000053113182i 0.000027174041335+0.000000000000000i -0.000014834669052+0.000000006504659i 0.000001386113425+-0.000000002144908i 
-0.000002918096739+-0.000000010750966i 0.000002072175033+-0.000000028322384i -0.000001523013817+0.000000028278347i -0.000014834669052+-0.000000006504659i 0.000017346983254+-0.000000000000000i -0.000001239865800+0.000000014498634i 
0.000000023924222+0.000000007193821i -0.000002627771464+0.000000059740472i -0.000017102924756+-0.000000030109904i 0.000001386113425+0.000000002144908i -0.000001239865800+-0.000000014498634i 0.000025833491489+0.000000000000000i 

 
 
 q: 21, qvec: 0.000000000000000 0.000000000000000 -5.490048332803907
0.000006641658605+0.000000000000000i -0.000000512173582+0.000000006814316i 0.000000223875586+0.000000011172014i 0.000000416533351+0.000000016366636i -0.000002918068875+0.000000011262756i 0.000000023928921+-0.000000007536356i 
-0.000000512173582+-0.000000006814316i 0.000037879141391+-0.000000000000000i -0.000001846113197+-0.000000010533685i 0.000000544592370+-0.000000030335312i 0.000002072167814+0.000000029670826i -0.000002627740556+-0.000000062585149i 
0.000000223875586+-0.000000011172014i -0.000001846113197+0.000000010533685i 0.000025833587064+-0.000000000000000i 0.000002141509762+0.000000055642278i -0.000001522999988+-0.000000029624896i -0.000017102535008+0.000000031543604i 
0.000000416533351+-0.000000016366636i 0.000000544592370+0.000000030335312i 0.000002141509762+-0.000000055642278i 0.000027173908736+0.000000000000000i -0.000014834582446+0.000000006814316i 0.000001386047870+-0.000000002247741i 
-0.000002918068875+-0.000000011262756i 0.000002072167814+-0.000000029670826i -0.000001522999988+0.000000029624896i -0.000014834582446+-0.000000006814316i 0.000017346891260+-0.000000000000000i -0.000001239808660+0.000000015189473i 
0.000000023928921+0.000000007536356i -0.000002627740556+0.000000062585149i -0.000017102535008+-0.000000031543604i 0.000001386047871+0.000000002247741i -0.000001239808660+-0.000000015189473i 0.000025833587064+0.000000000000000i 

 
 
 q: 22, qvec: 0.000000000000000 0.000000000000000 -5.489727802191296
0.000006641633481+0.000000000000000i -0.000000512162219+0.000000007123959i 0.000000223865791+0.000000011679783i 0.000000416531006+0.000000017110446i -0.000002918039715+0.000000011774524i 0.000000023933838+-0.000000007878888i 
-0.000000512162219+-0.000000007123959i 0.000037878931480+0.000000000000000i -0.000001846022720+-0.000000011013380i 0.000000544570676+-0.000000031713816i 0.000002072160262+0.000000031019233i -0.000002627708212+-0.000000065429811i 
0.000000223865791+-0.000000011679783i -0.000001846022720+0.000000011013380i 0.000025833687088+-0.000000000000000i 0.000002141480421+0.000000058171359i -0.000001522985516+-0.000000030971440i -0.000017102127140+0.000000032977289i 
0.000000416531006+-0.000000017110446i 0.000000544570676+0.000000031713816i 0.000002141480421+-0.000000058171359i 0.000027173769972+0.000000000000000i -0.000014834491814+0.000000007123959i 0.000001385979268+-0.000000002350670i 
-0.000002918039715+-0.000000011774524i 0.000002072160262+-0.000000031019233i -0.000001522985516+0.000000030971440i -0.000014834491814+-0.000000007123959i 0.000017346794988+0.000000000000000i -0.000001239748864+0.000000015880372i 
0.000000023933838+0.000000007878888i -0.000002627708212+0.000000065429811i -0.000017102127140+-0.000000032977289i 0.000001385979268+0.000000002350670i -0.000001239748864+-0.000000015880372i 0.000025833687088+0.000000000000000i 

 
 
 q: 23, qvec: 0.000000000000000 0.000000000000000 -5.489407271578685
0.000006641607241+-0.000000000000000i -0.000000512150352+0.000000007433590i 0.000000223855561+0.000000012187544i 0.000000416528558+0.000000017854239i -0.000002918009258+0.000000012286268i 0.000000023938973+-0.000000008221416i 
-0.000000512150352+-0.000000007433590i 0.000037878712244+0.000000000000000i -0.000001845928223+-0.000000011493194i 0.000000544548014+-0.000000033092271i 0.000002072152376+0.000000032367606i -0.000002627674431+-0.000000068274458i 
0.000000223855561+-0.000000012187544i -0.000001845928223+0.000000011493194i 0.000025833791559+-0.000000000000000i 0.000002141449777+0.000000060700425i -0.000001522970401+-0.000000032317978i -0.000017101701155+0.000000034410959i 
0.000000416528558+-0.000000017854239i 0.000000544548014+0.000000033092271i 0.000002141449777+-0.000000060700425i 0.000027173625044+0.000000000000000i -0.000014834397155+0.000000007433590i 0.000001385907617+-0.000000002453701i 
-0.000002918009258+-0.000000012286268i 0.000002072152376+-0.000000032367606i -0.000001522970401+0.000000032317978i -0.000014834397155+-0.000000007433590i 0.000017346694440+0.000000000000000i -0.000001239686410+0.000000016571333i 
0.000000023938973+0.000000008221416i -0.000002627674431+0.000000068274458i -0.000017101701155+-0.000000034410959i 0.000001385907617+0.000000002453701i -0.000001239686410+-0.000000016571333i 0.000025833791559+-0.000000000000000i 

 
 
 q: 24, qvec: 0.000000000000000 0.000000000000000 -5.489086740966074
0.000006641579886+-0.000000000000000i -0.000000512137980+0.000000007743207i 0.000000223844897+0.000000012695299i 0.000000416526006+0.000000018598014i -0.000002917977504+0.000000012797987i 0.000000023944327+-0.000000008563939i 
-0.000000512137980+-0.000000007743207i 0.000037878483683+-0.000000000000000i -0.000001845829707+-0.000000011973131i 0.000000544524385+-0.000000034470673i 0.000002072144157+0.000000033715942i -0.000002627639213+-0.000000071119089i 
0.000000223844897+-0.000000012695299i -0.000001845829707+0.000000011973131i 0.000025833900478+0.000000000000000i 0.000002141417829+0.000000063229475i -0.000001522954643+-0.000000033664510i -0.000017101257053+0.000000035844612i 
0.000000416526006+-0.000000018598014i 0.000000544524385+0.000000034470673i 0.000002141417829+-0.000000063229475i 0.000027173473952+0.000000000000000i -0.000014834298469+0.000000007743207i 0.000001385832917+-0.000000002556838i 
-0.000002917977504+-0.000000012797987i 0.000002072144157+-0.000000033715942i -0.000001522954643+0.000000033664510i -0.000014834298469+-0.000000007743207i 0.000017346589616+-0.000000000000000i -0.000001239621301+0.000000017262360i 
0.000000023944327+0.000000008563939i -0.000002627639213+0.000000071119089i -0.000017101257053+-0.000000035844612i 0.000001385832917+0.000000002556838i -0.000001239621301+-0.000000017262360i 0.000025833900478+-0.000000000000000i 

 
 
 q: 25, qvec: 0.000000000000000 0.000000000000000 -5.488766210353463
0.000006641551415+0.000000000000000i -0.000000512125103+0.000000008052810i 0.000000223833798+0.000000013203046i 0.000000416523351+0.000000019341770i -0.000002917944454+0.000000013309681i 0.000000023949899+-0.000000008906458i 
-0.000000512125103+-0.000000008052810i 0.000037878245798+-0.000000000000000i -0.000001845727170+-0.000000012453198i 0.000000544499788+-0.000000035849022i 0.000002072135605+0.000000035064239i -0.000002627602559+-0.000000073963702i 
0.000000223833798+-0.000000013203046i -0.000001845727170+0.000000012453198i 0.000025834013847+0.000000000000000i 0.000002141384579+0.000000065758509i -0.000001522938243+-0.000000035011037i -0.000017100794836+0.000000037278249i 
0.000000416523351+-0.000000019341770i 0.000000544499788+0.000000035849022i 0.000002141384579+-0.000000065758509i 0.000027173316697+-0.000000000000000i -0.000014834195758+0.000000008052810i 0.000001385755170+-0.000000002660084i 
-0.000002917944454+-0.000000013309681i 0.000002072135605+-0.000000035064239i -0.000001522938243+0.000000035011037i -0.000014834195758+-0.000000008052810i 0.000017346480516+0.000000000000000i -0.000001239553535+0.000000017953454i 
0.000000023949899+0.000000008906458i -0.000002627602559+0.000000073963702i -0.000017100794836+-0.000000037278249i 0.000001385755170+0.000000002660084i -0.000001239553535+-0.000000017953454i 0.000025834013847+-0.000000000000000i 

 
 
 q: 26, qvec: 0.000000000000000 0.000000000000000 -5.488445679740852
0.000006641521830+0.000000000000000i -0.000000512111722+0.000000008362399i 0.000000223822264+0.000000013710786i 0.000000416520593+0.000000020085507i -0.000002917910107+0.000000013821348i 0.000000023955690+-0.000000009248972i 
-0.000000512111722+-0.000000008362399i 0.000037877998589+-0.000000000000000i -0.000001845620614+-0.000000012933398i 0.000000544474223+-0.000000037227314i 0.000002072126721+0.000000036412496i -0.000002627564468+-0.000000076808298i 
0.000000223822264+-0.000000013710786i -0.000001845620614+0.000000012933398i 0.000025834131664+0.000000000000000i 0.000002141350025+0.000000068287526i -0.000001522921200+-0.000000036357556i -0.000017100314506+0.000000038711869i 
0.000000416520593+-0.000000020085507i 0.000000544474223+0.000000037227314i 0.000002141350025+-0.000000068287526i 0.000027173153278+0.000000000000000i -0.000014834089020+0.000000008362399i 0.000001385674374+-0.000000002763445i 
-0.000002917910107+-0.000000013821348i 0.000002072126721+-0.000000036412496i -0.000001522921200+0.000000036357556i -0.000014834089020+-0.000000008362399i 0.000017346367141+0.000000000000000i -0.000001239483112+0.000000018644619i 
0.000000023955690+0.000000009248972i -0.000002627564468+0.000000076808298i -0.000017100314506+-0.000000038711869i 0.000001385674374+0.000000002763445i -0.000001239483112+-0.000000018644619i 0.000025834131664+-0.000000000000000i 

 
 
 q: 27, qvec: 0.000000000000000 0.000000000000000 -5.488125149128241
0.000006641491130+-0.000000000000000i -0.000000512097836+0.000000008671971i 0.000000223810295+0.000000014218518i 0.000000416517731+0.000000020829224i -0.000002917874463+0.000000014332988i 0.000000023961699+-0.000000009591482i 
-0.000000512097836+-0.000000008671971i 0.000037877742058+0.000000000000000i -0.000001845510038+-0.000000013413738i 0.000000544447689+-0.000000038605548i 0.000002072117505+0.000000037760711i -0.000002627524941+-0.000000079652876i 
0.000000223810295+-0.000000014218518i -0.000001845510038+0.000000013413738i 0.000025834253931+-0.000000000000000i 0.000002141314168+0.000000070816526i -0.000001522903514+-0.000000037704070i -0.000017099816063+0.000000040145471i 
